%YAML:1.0
vocab: !!opencv-matrix
   rows: 30
   cols: 64
   dt: f
   data: [ 1.77467300e+02, 1.02197769e+02, 2.31046249e+02,
       1.93483246e+02, 9.32807007e+01, 1.51055817e+02, 1.52017548e+02,
       1.82073364e+02, 2.17629974e+02, 2.15634766e+02, 1.95370010e+02,
       1.67365234e+02, 1.36717697e+02, 2.05598083e+02, 1.66771927e+02,
       2.14167465e+02, 2.17856461e+02, 2.29255188e+02, 1.02376396e+02,
       1.75716110e+02, 6.15023918e+01, 2.22859650e+02, 1.98617218e+02,
       1.14784691e+02, 1.86716110e+02, 1.96071762e+02, 2.38065384e+02,
       1.45065384e+02, 1.01660286e+02, 1.07910683e+02, 2.07834122e+02,
       1.48693771e+02, 1.31216904e+02, 1.03100479e+02, 2.25484848e+02,
       2.03035080e+02, 2.11543854e+02, 1.04346092e+02, 2.19979263e+02,
       1.39283890e+02, 1.44381180e+02, 1.17915466e+02, 1.88084534e+02,
       1.99006378e+02, 1.95173843e+02, 1.95271133e+02, 1.75711319e+02,
       1.28366821e+02, 2.06824554e+02, 1.73850082e+02, 1.07543861e+02,
       1.86303024e+02, 1.40578949e+02, 1.49055817e+02, 2.03636368e+02,
       1.35696960e+02, 1.78612442e+02, 1.73695374e+02, 1.31677826e+02,
       1.73851669e+02, 1.63121216e+02, 2.02845291e+02, 1.79735245e+02,
       1.60303024e+02, 1.12417221e+01, 1.12930460e+01, 4.26903992e+01,
       2.49420528e+01, 2.01208611e+01, 6.87682114e+01, 1.43394041e+01,
       1.14072847e+01, 4.56423836e+01, 4.14850998e+01, 2.78841057e+01,
       2.18493385e+01, 3.72764893e+01, 3.08029804e+01, 1.36804638e+01,
       1.69039726e+01, 3.37814560e+01, 4.11473503e+01, 2.62599335e+01,
       1.58695358e+02, 1.35177155e+02, 5.62781448e+01, 6.28178825e+01,
       1.13309601e+02, 1.16639076e+02, 3.67748337e+01, 146.,
       8.52566223e+01, 9.88410568e+00, 8.45993347e+01, 1.16551323e+02,
       6.19933777e+01, 5.58427162e+01, 4.84337730e+01, 1.31995026e+02,
       9.77317886e+01, 5.27317886e+01, 2.49784775e+01, 2.12119198e+01,
       6.65182114e+01, 5.72599335e+01, 2.87798004e+01, 2.38145695e+01,
       1.20456955e+02, 1.00619202e+02, 1.06043045e+02, 1.52688736e+02,
       8.19304657e+01, 3.77632446e+01, 1.34437088e+02, 7.68824539e+01,
       2.13692055e+01, 8.88377457e+01, 2.21754971e+01, 9.87268219e+01,
       4.15695381e+01, 3.63708611e+01, 3.58956947e+01, 4.92119217e+01,
       1.49528152e+02, 2.76788082e+01, 1.64336090e+02, 1.05014900e+02,
       8.60066223e+01, 1.45101410e+02, 6.04390259e+01, 1.49414642e+02,
       1.21793327e+02, 1.03519897e+02, 1.00731712e+02, 1.17152763e+02,
       1.31786911e+02, 7.51578979e+01, 1.69514771e+02, 5.60937119e+01,
       1.28326065e+02, 7.50680389e+01, 1.93679077e+02, 8.16097565e+01,
       1.74110397e+02, 4.34159203e+01, 1.62603348e+02, 5.28318367e+01,
       1.76252899e+02, 3.13992310e+01, 2.30661118e+02, 1.20926834e+02,
       4.94056511e+01, 1.39943527e+02, 1.45585373e+02, 2.23984604e+02,
       1.11358154e+02, 6.85635452e+01, 6.88754807e+01, 1.74130936e+02,
       4.31758690e+01, 6.95211868e+01, 1.64395386e+02, 2.28998718e+02,
       8.12824173e+01, 2.00145065e+02, 6.24005165e+01, 2.16810013e+02,
       9.22644424e+01, 1.32498077e+02, 8.82772827e+01, 1.65364578e+02,
       2.19605911e+02, 1.43730423e+02, 1.95582809e+02, 1.10206680e+02,
       1.49754822e+02, 1.81702194e+02, 1.68582809e+02, 9.20166931e+01,
       2.22956360e+02, 3.58100128e+01, 2.05525040e+02, 1.94768936e+02,
       2.28867783e+02, 1.85858795e+02, 6.73774109e+01, 1.65133514e+02,
       9.20680389e+01, 1.19988449e+02, 2.04712463e+02, 2.14201553e+02,
       3.78998718e+01, 1.33820862e+02, 2.06280365e+02, 9.11339569e+01,
       1.38774139e+02, 1.86500000e+02, 1.66825546e+02, 1.75679123e+02,
       1.49152649e+02, 1.44948593e+02, 9.60482864e+01, 1.86830215e+02,
       1.41207153e+02, 1.99386292e+02, 8.12087173e+01, 1.77802170e+02,
       9.16199341e+01, 1.79976624e+02, 7.83940811e+01, 2.18788162e+02,
       8.85482864e+01, 2.24082550e+02, 5.26448593e+01, 1.27540497e+02,
       2.12384735e+02, 1.40959503e+02, 1.09892517e+02, 3.76043587e+01,
       1.89112137e+02, 1.96032700e+02, 1.85250778e+02, 9.75046692e+01,
       2.02433014e+02, 1.85257004e+02, 1.60869156e+02, 5.25015564e+01,
       9.88099670e+01, 7.52647934e+01, 1.99624603e+02, 7.32632370e+01,
       1.55228973e+02, 1.41599686e+02, 1.53552948e+02, 1.34736755e+02,
       5.31775665e+01, 1.30085663e+02, 8.92616806e+01, 1.38309967e+02,
       1.36800613e+02, 8.53489075e+01, 1.18154205e+02, 1.81004669e+02,
       1.29457947e+02, 1.96570084e+02, 1.43076324e+02, 4.40778809e+01,
       7.23411179e+01, 1.10471962e+02, 1.84984421e+02, 151.,
       1.60060745e+02, 1.75640182e+02, 7.30389404e+01, 6.92632370e+01,
       1.87993759e+02, 3.15582619e+01, 2.55843487e+01, 3.38521729e+01,
       6.26069565e+01, 4.41634789e+01, 5.64104347e+01, 4.28469582e+01,
       5.95652199e+01, 3.03530445e+01, 5.00730438e+01, 4.50817413e+01,
       3.45808716e+01, 4.81582603e+01, 5.63565216e+01, 4.80660896e+01,
       1.93043480e+01, 1.92452183e+01, 2.34695663e+01, 1.30958267e+02,
       9.87721786e+01, 9.56399994e+01, 5.47252197e+01, 8.11304398e+01,
       1.25245216e+02, 5.71617393e+01, 3.56399994e+01, 7.01165237e+01,
       1.15890434e+02, 5.89791298e+01, 1.15606956e+02, 6.25617409e+01,
       6.30052185e+01, 7.53826065e+01, 3.35756531e+01, 5.96521759e+01,
       8.07321777e+01, 2.90886955e+01, 7.90939178e+01, 7.98086977e+00,
       7.33634796e+01, 8.41530457e+01, 9.19304352e+01, 4.37860870e+01,
       8.71495667e+01, 4.56208687e+01, 1.07942612e+02, 4.10800018e+01,
       1.16222610e+02, 3.40121765e+01, 5.01304359e+01, 1.50360001e+02,
       6.43060913e+01, 5.45669594e+01, 5.15426102e+01, 7.26765213e+01,
       6.94365234e+01, 6.78486938e+01, 3.24521751e+01, 3.61808701e+01,
       1.41304352e+02, 2.13356533e+01, 7.46504364e+01, 1.02697395e+02,
       9.36260910e+01, 9.02701492e+01, 9.14836578e+01, 1.91666656e+02,
       1.55736374e+02, 1.24226578e+02, 1.60932465e+02, 8.36884537e+01,
       1.01797386e+02, 1.93400864e+02, 1.03228752e+02, 1.72163391e+02,
       9.38257065e+01, 1.84143784e+02, 1.61102386e+02, 1.35398697e+02,
       9.26732025e+01, 2.25514160e+02, 1.82427017e+02, 9.50697174e+01,
       1.40762527e+02, 2.16725479e+02, 9.00326767e+01, 1.74518509e+02,
       1.92021774e+02, 1.59901962e+02, 1.49819168e+02, 2.04864914e+02,
       1.64755981e+02, 1.16864922e+02, 1.56331146e+02, 1.78366013e+02,
       2.03803909e+02, 1.86840958e+02, 6.20893250e+01, 8.57864914e+01,
       1.73976028e+02, 1.43945526e+02, 1.04899780e+02, 1.30732025e+02,
       1.43618729e+02, 1.34172104e+02, 1.37640518e+02, 8.03246155e+01,
       7.52113266e+01, 1.98141602e+02, 9.49084930e+01, 2.04989105e+02,
       9.27777786e+01, 1.43448792e+02, 1.62834412e+02, 9.07407379e+01,
       2.72919388e+01, 2.00287582e+02, 4.90675354e+01, 1.30662308e+02,
       1.01472763e+02, 5.23485832e+01, 2.23167755e+02, 7.82592545e+01,
       1.91605667e+02, 1.08572983e+02, 1.10287582e+02, 5.99215660e+01,
       2.27331146e+02, 1.89328033e+02, 1.77141083e+02, 1.60964722e+02,
       1.70031738e+02, 1.45021164e+02, 1.22245148e+02, 1.97848312e+02,
       1.47726624e+02, 1.51552017e+02, 2.08608459e+02, 7.97636642e+01,
       1.86238083e+02, 1.16567894e+02, 1.91587296e+02, 1.12661369e+02,
       1.93636673e+02, 7.04303360e+01, 2.03033508e+02, 1.02070541e+02,
       1.55938263e+02, 6.72504425e+01, 2.15880066e+02, 1.86848312e+02,
       8.15273361e+01, 1.64111099e+02, 1.80795410e+02, 2.07700165e+02,
       1.16164017e+02, 1.14483238e+02, 1.25790123e+02, 1.65597885e+02,
       8.55255737e+01, 1.12677246e+02, 2.27666656e+02, 2.20440918e+02,
       8.49029922e+01, 2.24557312e+02, 1.40966492e+02, 2.32918869e+02,
       1.29730148e+02, 1.48514984e+02, 1.37336853e+02, 2.17458542e+02,
       2.05291000e+02, 1.65190475e+02, 1.79426804e+02, 1.21121689e+02,
       1.53504410e+02, 1.94075836e+02, 1.97784821e+02, 1.44620804e+02,
       2.24663132e+02, 7.99788361e+01, 2.06400345e+02, 2.12114639e+02,
       2.24391525e+02, 2.03774246e+02, 7.28624344e+01, 2.17823624e+02,
       9.72839508e+01, 2.07864197e+02, 2.10437378e+02, 1.93195755e+02,
