%YAML:1.0
vocab: !!opencv-matrix
   rows: 30
   cols: 64
   dt: f
   data: [ 2.14655563e+02, 1.57084427e+02, 2.10351151e+02,
       2.02598236e+02, 2.18977539e+02, 1.90724503e+02, 1.83315765e+02,
       1.97392975e+02, 1.89290726e+02, 2.11415695e+02, 1.68531631e+02,
       1.71981400e+02, 1.96235992e+02, 2.04468109e+02, 1.72466309e+02,
       1.78149231e+02, 2.29924347e+02, 2.28740250e+02, 8.47028122e+01,
       1.47737930e+02, 1.44840439e+02, 1.80351410e+02, 1.92069458e+02,
       1.15333847e+02, 1.53830872e+02, 2.16289948e+02, 2.08407181e+02,
       1.13431961e+02, 1.92320419e+02, 7.49496536e+01, 1.56580429e+02,
       1.40053696e+02, 1.77644196e+02, 1.03961525e+02, 1.47903687e+02,
       1.92466553e+02, 1.37649368e+02, 1.29966949e+02, 2.25525940e+02,
       1.63316544e+02, 1.45067123e+02, 1.10557961e+02, 8.99679794e+01,
       1.03169632e+02, 2.08100174e+02, 9.63849716e+01, 2.30093719e+02,
       1.18856697e+02, 1.70008255e+02, 1.69859024e+02, 4.07632332e+01,
       3.85910149e+01, 2.22645233e+02, 1.29094238e+02, 1.60212494e+02,
       1.23243736e+02, 9.97859497e+01, 2.33642654e+02, 7.99770203e+01,
       1.59751358e+02, 1.25644463e+02, 1.14460106e+02, 5.28876839e+01,
       2.11085724e+02, 1.46575613e+01, 1.57143793e+01, 3.20010910e+01,
       3.87677002e+01, 2.11512241e+01, 6.76468506e+01, 2.61027088e+01,
       2.66131992e+01, 3.04685307e+01, 6.00694923e+01, 2.47043266e+01,
       2.33747807e+01, 3.12456284e+01, 4.89925690e+01, 3.55098343e+01,
       2.26278400e+01, 2.37952366e+01, 3.97709770e+01, 6.56352692e+01,
       1.51754150e+02, 1.00559441e+02, 7.49405594e+01, 6.39733391e+01,
       1.01498466e+02, 7.59333496e+01, 3.06853142e+01, 1.12909309e+02,
       9.97521820e+01, 1.78494320e+01, 7.74348755e+01, 8.26180038e+01,
       5.69007874e+01, 6.97504349e+01, 4.86818161e+01, 1.27808128e+02,
       7.84239502e+01, 4.56374550e+01, 3.83181801e+01, 2.58577366e+01,
       4.80085220e+01, 8.37294540e+01, 5.31367989e+01, 2.62563362e+01,
       1.11341125e+02, 6.94967194e+01, 1.29131119e+02, 1.09850960e+02,
       9.04405594e+01, 3.51000862e+01, 8.30351791e+01, 7.27827759e+01,
       2.97327366e+01, 5.85039330e+01, 3.54259186e+01, 1.06085884e+02,
       5.54643784e+01, 4.64720268e+01, 4.45684013e+01, 4.24149895e+01,
       1.40471802e+02, 2.56695805e+01, 1.32794357e+02, 1.01015297e+02,
       8.07746964e+01, 1.45689209e+02, 1.22558846e+02, 1.61722687e+02,
       1.55465866e+02, 7.46794510e+01, 8.62158661e+01, 1.14569572e+02,
       1.49782516e+02, 1.56933685e+02, 1.26138817e+02, 1.56003250e+02,
       1.45096222e+02, 1.08158646e+02, 1.67916443e+02, 1.54344604e+02,
       1.65198639e+02, 1.59317291e+02, 1.22417747e+02, 1.35785110e+02,
       1.09843300e+02, 5.94353065e+01, 1.53785431e+02, 1.57743500e+02,
       1.18603378e+02, 1.52877106e+02, 1.34709030e+02, 1.50297791e+02,
       1.24710014e+02, 1.17530884e+02, 1.59052994e+02, 1.44960663e+02,
       1.27945709e+02, 1.30513000e+02, 8.05048752e+01, 1.05961960e+02,
       1.87408646e+02, 1.11763657e+02, 1.08837776e+02, 1.01615082e+02,
       1.63109879e+02, 1.24593956e+02, 1.62821518e+02, 1.62092972e+02,
       1.42189209e+02, 1.12978546e+02, 1.30157028e+02, 9.22210693e+01,
       1.61435959e+02, 1.42662552e+02, 9.37565002e+01, 1.81462280e+02,
       1.93578674e+02, 8.71352386e+01, 8.72145615e+01, 1.01375809e+02,
       1.16872887e+02, 1.60350449e+02, 1.21470093e+02, 1.05272758e+02,
       1.37626785e+02, 8.75764008e+01, 1.12287384e+02, 1.59697662e+02,
       1.37934006e+02, 1.00526436e+02, 6.11543465e+01, 1.91986557e+02,
       1.62357971e+02, 6.63615570e+01, 1.10041222e+02, 9.35683212e+01,
       1.12026436e+02, 1.89190186e+02, 1.93056900e+02, 1.23597893e+02,
       1.33914871e+02, 7.80602570e+01, 1.72783600e+02, 1.26508514e+02,
       1.91367157e+02, 1.87340057e+02, 2.25071243e+02, 3.11908607e+01,
       1.96816986e+02, 4.72708321e+01, 2.12781586e+02, 1.71584900e+02,
       5.69184570e+01, 1.65340500e+02, 1.56583328e+02, 2.26195343e+02,
       8.57659073e+01, 4.26413536e+01, 7.59148712e+01, 1.97062729e+02,
       8.29845428e+01, 1.02302193e+02, 8.19496002e+01, 2.19269485e+02,
       1.72315186e+02, 1.95879929e+02, 8.99348145e+01, 1.95242386e+02,
       1.00853050e+02, 1.32465500e+02, 9.29693069e+01, 1.09124329e+02,
       1.99692200e+02, 1.52309143e+02, 1.85912186e+02, 1.68178314e+02,
       9.58467712e+01, 1.93751114e+02, 1.60677414e+02, 5.28335571e+01,
       6.07195358e+01, 7.55539856e+01, 7.19621429e+01, 2.26056229e+02,
       1.23419357e+02, 1.41272171e+02, 1.18017921e+02, 9.82466431e+01,
       1.43642700e+02, 1.14398071e+02, 2.02247528e+02, 1.68844986e+02,
       1.16984093e+02, 3.69943161e+01, 8.12265549e+01, 2.62245598e+01,
       3.73791924e+01, 9.51293411e+01, 1.21548325e+02, 7.14232559e+01,
       3.39545212e+01, 5.87023888e+01, 5.50326920e+01, 5.58806152e+01,
       5.61134186e+01, 6.87674866e+01, 4.20662308e+01, 6.31463928e+01,
       8.57498627e+01, 3.41026154e+01, 7.25758972e+01, 4.72953415e+01,
       1.50930084e+02, 1.09230247e+02, 1.11257256e+02, 5.04471321e+01,
       7.63521881e+01, 1.29760376e+02, 6.34968758e+01, 1.09216316e+02,
       9.34769821e+01, 6.79278030e+01, 6.92939224e+01, 1.56799896e+02,
       5.94212646e+01, 4.91918716e+01, 1.94016785e+02, 1.86058273e+02,
       2.91364422e+01, 1.35602051e+02, 8.93195038e+01, 4.96011963e+01,
       8.65008545e+01, 1.16478119e+02, 8.66389999e+01, 4.66455383e+01,
       1.77182205e+02, 5.56304741e+01, 1.76605469e+02, 1.02730530e+02,
       6.60713501e+01, 8.93206406e+01, 1.06138718e+02, 1.14645538e+02,
       6.92959061e+01, 3.52279701e+01, 1.34650085e+02, 1.22382607e+02,
       1.50496597e+02, 1.34973846e+02, 1.84815235e+01, 1.53876633e+02,
       5.61074486e+01, 1.19705238e+02, 1.79276016e+02, 1.80200119e+02,
       2.01719742e+01, 1.70594513e+02, 1.84269974e+02, 1.13388908e+02,
       1.20613411e+02, 1.56900864e+02, 1.36437408e+02, 1.90097900e+02,
       1.45991272e+02, 6.83550339e+01, 1.56564911e+02, 8.01342773e+01,
       1.76374832e+02, 1.15981277e+02, 1.69926010e+02, 1.06389626e+02,
       1.70025146e+02, 2.53808861e+01, 5.49846649e+01, 1.66453827e+02,
       1.48797440e+02, 4.51731453e+01, 2.00588806e+02, 1.00125893e+02,
       1.05574181e+02, 1.38628220e+02, 1.01740906e+02, 1.04378212e+02,
       1.48556702e+02, 1.39621796e+02, 1.52816879e+02, 1.42034241e+02,
       5.30677605e+01, 8.32530365e+01, 2.07191162e+02, 1.87962021e+02,
       7.36339188e+01, 1.59564026e+02, 1.42522644e+02, 1.67686874e+02,
       1.28877502e+02, 1.41524963e+02, 1.50257675e+02, 2.13455963e+02,
       2.15002151e+02, 9.13732224e+01, 2.01006241e+02, 4.83798141e+01,
       1.61635345e+02, 1.06118225e+02, 1.25627678e+02, 2.08320618e+02,
       2.46170120e+02, 3.68632317e+01, 2.20888199e+02, 1.08608238e+02,
       1.82065979e+02, 2.25272659e+02, 2.59046021e+01, 2.01031204e+02,
       7.64201126e+01, 1.58995193e+02, 1.77538162e+02, 2.18754288e+02,
       2.03407631e+01, 8.27585678e+01, 7.80748062e+01, 1.45058640e+02,
       1.48955811e+02, 8.78083649e+01, 1.20462173e+02, 7.08553619e+01,
       1.10803406e+02, 2.05496231e+02, 1.03406990e+02, 1.91559830e+02,
       8.39023514e+01, 1.41431564e+02, 9.74087143e+01, 1.50178711e+02,
       9.44666977e+01, 2.36896744e+02, 2.14380692e+02, 7.99713287e+01,
       1.23097656e+02, 1.87918304e+02, 7.82782974e+01, 1.72854721e+02,
       1.50061447e+02, 1.70238632e+02, 1.57750595e+02, 2.00172882e+02,
       1.21924126e+02, 1.18234970e+02, 1.29672989e+02, 1.75222031e+02,
       1.97326584e+02, 1.81810959e+02, 4.96419487e+01, 8.72198792e+01,
       1.84990738e+02, 1.25917229e+02, 1.09359566e+02, 1.07438889e+02,
       1.45027603e+02, 1.33538910e+02, 1.26627724e+02, 4.53854294e+01,
       6.63369293e+01, 1.84902573e+02, 7.61064911e+01, 2.08935760e+02,
       9.03761597e+01, 1.55184097e+02, 1.46358276e+02, 6.77822800e+01,
       1.20715675e+01, 2.05780563e+02, 3.45971107e+01, 1.47759430e+02,
       8.15971146e+01, 3.88437157e+01, 2.27029968e+02, 5.68540649e+01,
