%YAML:1.0
vocab: !!opencv-matrix
   rows: 30
   cols: 64
   dt: f
   data: [ 1.36848038e+02, 1.07414459e+02, 2.07061813e+02,
       2.03344498e+02, 1.15064445e+02, 1.33404495e+02, 1.42172638e+02,
       1.25841232e+02, 1.78419693e+02, 2.05100861e+02, 1.75576355e+02,
       1.82020950e+02, 1.82935806e+02, 1.84438553e+02, 1.63172119e+02,
       1.60115005e+02, 1.57908035e+02, 1.62290802e+02, 1.16536545e+02,
       1.59101913e+02, 7.60922165e+01, 1.81336639e+02, 9.58658600e+01,
       1.60379608e+02, 2.03602295e+02, 2.05798782e+02, 2.21913269e+02,
       1.65020950e+02, 5.24927940e+01, 2.03024094e+02, 1.88297348e+02,
       1.56341629e+02, 1.42295776e+02, 1.35118942e+02, 1.72908829e+02,
       1.70885498e+02, 2.33351578e+02, 8.81881027e+01, 2.31519775e+02,
       9.01878433e+01, 1.42083313e+02, 1.14462402e+02, 1.49247574e+02,
       2.19169495e+02, 1.60550171e+02, 1.83383804e+02, 2.03420746e+02,
       8.07694473e+01, 1.99380920e+02, 1.84495926e+02, 1.46617752e+02,
       1.73117889e+02, 1.46124176e+02, 2.04043488e+02, 1.34594437e+02,
       2.23463440e+02, 1.47167923e+02, 7.49381714e+01, 1.81958069e+02,
       9.80049744e+01, 1.71380920e+02, 1.83700012e+02, 2.27887604e+02,
       7.30757141e+01, 1.46045670e+02, 1.09247879e+02, 2.11755157e+02,
       1.33234833e+02, 1.74151550e+02, 1.58043060e+02, 9.27247238e+01,
       1.56063705e+02, 1.27084587e+02, 7.87371140e+01, 1.72806046e+02,
       1.17764946e+02, 2.29931290e+02, 7.21113281e+01, 1.64319412e+02,
       9.92189636e+01, 1.56657974e+02, 4.24281349e+01, 2.26668625e+02,
       5.57164612e+01, 6.51515579e+01, 8.78297424e+01, 7.74822769e+01,
       2.00119598e+02, 1.86467270e+02, 1.33262451e+02, 9.09778214e+01,
       1.58796906e+02, 1.40139603e+02, 1.87667099e+02, 9.62135239e+01,
       1.28841263e+02, 9.56055679e+01, 1.02809525e+02, 6.77238541e+01,
       2.09316589e+02, 5.29528160e+01, 1.12959335e+02, 1.02430092e+02,
       4.23746452e+01, 1.22784950e+02, 1.90637527e+02, 5.26257896e+01,
       9.75005417e+01, 4.12176552e+01, 1.60990433e+02, 1.03991302e+02,
       1.77206345e+02, 7.79419403e+01, 1.75565781e+02, 1.27206566e+02,
       1.82786255e+02, 1.30653625e+02, 1.90476837e+02, 6.27532082e+01,
       1.28850189e+02, 1.81790817e+02, 3.83659477e+01, 6.55888214e+01,
       6.29571648e+01, 1.04742332e+02, 3.19054146e+01, 7.97890854e+01,
       5.75096779e+01, 8.23461380e+01, 7.37604065e+01, 1.49447327e+02,
       2.37437229e+01, 7.70595474e+01, 1.01358849e+02, 8.23127670e+01,
       1.45742340e+02, 1.10777710e+02, 1.65283218e+02, 1.69823013e+02,
       1.22131042e+02, 2.29766525e+02, 1.15419624e+02, 4.96240044e+01,
       4.81449776e+01, 1.22351189e+02, 1.02132578e+01, 1.16716774e+02,
       1.11553581e+02, 2.08289948e+01, 1.16889008e+02, 7.57158585e+01,
       1.93404007e+02, 2.15811691e+02, 1.04704224e+02, 1.30430344e+02,
       1.69928802e+02, 7.47504578e+01, 9.55938416e+01, 3.81224747e+01,
       9.00857258e+00, 9.89909668e+01, 1.02078995e+02, 8.78701782e+01,
       9.45168381e+01, 1.69693497e+02, 9.97590332e+01, 8.36921310e+01,
       1.39056950e+01, 130., 1.75955444e+02, 5.44069176e+01,
       1.39214935e+02, 5.58891602e+01, 1.37731171e+02, 1.20205750e+02,
       1.69632416e+02, 8.47406616e+01, 1.31588943e+02, 8.11794205e+01,
       2.33830368e+02, 1.11885178e+02, 1.23242958e+02, 1.04499229e+02,
       4.35661354e+01, 7.70029068e+01, 9.53980350e+00, 1.43666412e+02,
       6.83505783e+01, 3.83525696e+01, 4.08871689e+01, 1.71399261e+02,
       5.23932915e+01, 1.08365028e+02, 9.04418793e+01, 1.28383652e+02,
       2.02874924e+02, 1.07721237e+02, 7.21044922e+01, 8.54940262e+01,
       1.09443253e+02, 1.26339348e+02, 2.04992554e+02, 1.64448349e+02,
       1.43438736e+02, 1.22315826e+02, 2.00267792e+02, 2.10366592e+02,
       1.90877289e+02, 1.59022552e+02, 4.79666748e+01, 1.09603607e+02,
       1.36833755e+02, 9.60368576e+01, 1.86145660e+02, 7.14406967e+01,
       1.37444427e+02, 1.94351700e+02, 2.27127228e+02, 2.13060974e+02,
       1.45596558e+02, 4.18319931e+01, 1.89418152e+02, 8.70594025e+01,
       1.73402863e+02, 1.47398361e+02, 1.36153702e+02, 1.60964722e+02,
       1.58578323e+02, 195., 1.12239952e+02, 1.86599686e+02,
       8.40437164e+01, 1.22468735e+02, 9.38261185e+01, 1.40285049e+02,
       2.01325241e+02, 1.39024307e+02, 1.38179962e+02, 1.84337784e+02,
       8.93132706e+01, 8.01366425e+01, 1.33877869e+02, 1.64186829e+02,
       1.49376007e+02, 7.90833206e+01, 1.57277206e+02, 8.01270370e+01,
       1.59170364e+02, 1.56762009e+02, 4.93544426e+01, 1.92100174e+02,
       9.36933975e+01, 1.55829453e+02, 1.64977264e+02, 2.13655960e+02,
       6.00537148e+01, 1.29672531e+02, 1.29861511e+02, 1.51904663e+02,
       1.39603989e+02, 1.33055313e+02, 1.33159210e+02, 1.32834244e+02,
       1.77367508e+02, 1.59503662e+02, 1.33639191e+02, 1.73815399e+02,
       1.53500854e+02, 2.39102203e+02, 7.37670975e+01, 5.02277603e+01,
       3.82300987e+01, 1.67000626e+02, 4.87971649e+01, 2.04719116e+02,
       1.05512695e+02, 6.29518623e+01, 6.92716904e+01, 7.76415329e+01,
       2.00157822e+02, 2.24584671e+02, 1.02291946e+02, 1.05709145e+02,
       1.67463165e+02, 1.27143791e+02, 2.17153137e+02, 1.14835335e+02,
       1.38128372e+02, 9.10771179e+01, 1.10913231e+02, 6.21219826e+01,
       8.36532211e+01, 1.66155167e+02, 9.59073105e+01, 6.52151413e+01,
       2.53938313e+01, 1.33463943e+02, 1.87458328e+02, 5.06379509e+01,
       1.33238358e+02, 4.80068550e+01, 1.63735626e+02, 1.08276680e+02,
       1.77792023e+02, 1.00219971e+02, 1.29152985e+02, 1.26173393e+02,
       1.82167633e+02, 1.15460510e+02, 1.29489182e+02, 6.97714615e+01,
       4.32068863e+01, 6.79049683e+01, 2.57267494e+01, 4.26395073e+01,
       7.00744705e+01, 1.13958405e+02, 6.52307205e+01, 1.56223717e+01,
       8.62276077e+01, 1.17763176e+02, 6.53579559e+01, 1.43964798e+02,
       1.47313156e+02, 1.05008865e+02, 5.82161522e+01, 2.98946342e+01,
       1.35859436e+02, 1.03581245e+02, 1.21831856e+02, 1.58331619e+02,
       7.85233917e+01, 1.67605865e+02, 1.56336288e+02, 1.81857468e+02,
       1.27451508e+02, 1.52008621e+02, 3.63673058e+01, 1.58188339e+02,
       4.65054169e+01, 6.55627747e+01, 1.64514771e+02, 6.11646996e+01,
       1.58524872e+02, 1.73048004e+02, 1.91837280e+02, 1.45202866e+02,
       1.32019211e+02, 9.87449570e+01, 1.60517731e+02, 8.25972443e+01,
       1.48943878e+02, 1.30857956e+02, 7.37562790e+01, 1.19359184e+02,
       1.76979324e+02, 4.14773521e+01, 1.22276466e+02, 8.12479095e+01,
       1.06369278e+02, 1.17711723e+02, 1.26698425e+02, 6.47998505e+01,
       1.15760216e+02, 4.18286552e+01, 1.02121124e+02, 1.07830627e+02,
       1.71017975e+02, 6.35910912e+01, 1.39971939e+02, 1.62644516e+02,
       1.71789276e+02, 9.36755295e+01, 1.28851059e+02, 6.68537674e+01,
       1.39229691e+02, 1.61195724e+02, 3.88234863e+01, 1.31590851e+02,
       6.42331390e+01, 1.28715652e+02, 1.04809456e+02, 1.87813889e+02,
       5.24903984e+01, 9.64723053e+01, 4.86950264e+01, 2.09304977e+02,
       1.41312775e+02, 9.32686691e+01, 9.68814316e+01, 5.44693832e+01,
       1.28584702e+02, 1.17626961e+02, 1.91134598e+02, 1.70930847e+02,
       1.41133850e+02, 2.33318192e+02, 1.52555542e+02, 1.76501358e+02,
       1.05236153e+02, 1.47677460e+02, 4.70952644e+01, 1.65013657e+02,
       1.27714096e+02, 4.50004311e+01, 1.31394379e+02, 7.94971237e+01,
       1.97278854e+02, 2.08049088e+02, 1.87625229e+02, 1.61493118e+02,
       1.71193878e+02, 3.92990150e+01, 2.05239182e+02, 1.12793541e+02,
       1.34431564e+02, 1.03001625e+02, 1.11778694e+02, 7.68932495e+01,
       2.06262268e+02, 1.71708572e+02, 1.16643761e+02, 1.18648094e+02,
       3.85529404e+01, 1.36297394e+02, 1.74881653e+02, 5.44188805e+01,
       1.57517609e+02, 4.65956421e+01, 1.52159958e+02, 1.15877853e+02,
       1.83959793e+02, 7.66166687e+01, 1.74404785e+02, 1.44514893e+02,
       2.09570389e+02, 1.23808495e+02, 1.80964890e+02, 6.66719437e+01,
       1.25375092e+02, 1.80066101e+02, 2.42647667e+01, 1.04963585e+02,
       7.25271454e+01, 1.43945587e+02, 4.57669868e+01, 1.34750732e+02,
